2180007898
949233369
3271263438
4045132963
3139637028
1265674927
3547836777
887567786
2756350492
1363523335
1008743782
3425875886
1751795659
1300920082
565161905
3940908282
2878030019
955427088
804797487
3132866231
124583720
1839045006
3735272548
3314216921
1833890015
1474271911
890118291
4073367658
2291971677
319466009
2548953869
672309611
3297264142
3463704504
2834353015
1678190004
118207698
2021474225
3161950638
2300460254
1084818157
2095346823
1246392503
3153728895
1236860680
200323203
238888214
4105196377
2543483570
143524802
3080971084
1520147053
3812674651
797086881
1307946940
1338511737
3569891912
1777502304
3895472832
2559993808
4268341140
2693311647
4176162585
325530074
2120713624
2430233157
2718248374
3916505860
3713310632
3784700379
174985761
232501694
2323079709
4024086231
1096997487
1696955376
1375055101
3150937294
4121010075
748986750
2145901702
312677899
4050777225
1116375039
325434939
1837232326
2101575006
1624335238
2406498198
138713352
1659795952
3796400140
585145443
3676225359
3765767584
806168317
3813571637
3514601342
2699609405
4202003330
2056530461
1885031689
1997502111
1173979692
251610579
2505920933
3992522047
2830746961
3955611091
2499093401
3422664136
2905277276
730721275
2089871356
3003981359
848007109
584007366
2819633197
3907255410
2808158374
4090833377
47516912
659596317
1713632557
175952804
1064888123
1508648480
3507219332
3842085326
744102701
1331367413
3461735862
2405644675
1448245364
208259342
3526490155
179893584
217443838
1244857575
1753750854
1362712255
1726950494
2354152706
2209759360
2037399623
2379178975
430766065
1021409053
2789409927
3292865561
